% overflows
occupancy = [[359 0.0]
[508 0.00555555555556]
[781 0.0111111111111]
[1079 0.0166666666667]
[1194 0.0277777777778]
[1583 0.0333333333333]
[1618 0.0388888888889]
[1735 0.0444444444444]
[1920 0.05]
[2235 0.0555555555556]
[2391 0.0611111111111]
[2414 0.0666666666667]
[2772 0.0722222222222]
[2824 0.0777777777778]
[2841 0.0833333333333]
[3140 0.0888888888889]
[3410 0.0944444444444]
[3506 0.1]
[3583 0.105555555556]
[3729 0.111111111111]
[3752 0.116666666667]
[3948 0.122222222222]
[3975 0.127777777778]
[4103 0.133333333333]
[4211 0.138888888889]
[4519 0.144444444444]
[4645 0.15]
[4924 0.155555555556]
[5105 0.161111111111]
[5235 0.166666666667]
[5312 0.172222222222]
[5476 0.177777777778]
[5664 0.183333333333]
[5731 0.188888888889]
[5937 0.194444444444]
[5962 0.2]
[6214 0.205555555556]
[6329 0.211111111111]
[6435 0.216666666667]
[6448 0.222222222222]
[6625 0.227777777778]
[6832 0.233333333333]
[7031 0.238888888889]
[7286 0.244444444444]
[7334 0.25]
[7366 0.255555555556]
[7546 0.261111111111]
[7640 0.266666666667]
[7665 0.272222222222]
[8032 0.277777777778]
[8458 0.283333333333]
[8559 0.288888888889]
[8624 0.294444444444]
[8777 0.3]
[8961 0.305555555556]
[8984 0.311111111111]
[9141 0.316666666667]
[9290 0.322222222222]
[9334 0.327777777778]
[9413 0.333333333333]
[9454 0.338888888889]
[9495 0.344444444444]
[9564 0.35]
[9648 0.355555555556]
[9808 0.361111111111]
[9857 0.366666666667]
[9950 0.372222222222]
[10210 0.377777777778]
[10257 0.383333333333]
[10390 0.388888888889]
[10550 0.394444444444]
[10624 0.4]
[10798 0.405555555556]
[10865 0.411111111111]
[10915 0.416666666667]
[11128 0.422222222222]
[11337 0.427777777778]
[11583 0.438888888889]
[11691 0.444444444444]
[11748 0.45]
[11908 0.455555555556]
[12114 0.461111111111]
[12155 0.466666666667]
[12265 0.472222222222]
[12333 0.477777777778]
[12375 0.488888888889]
[12792 0.494444444444]
[12951 0.5]
[13320 0.505555555556]
[13390 0.511111111111]
[13429 0.522222222222]
[13507 0.527777777778]
[14022 0.533333333333]
[14205 0.538888888889]
[14347 0.544444444444]
[14442 0.55]
[14903 0.561111111111]
[15025 0.566666666667]
[15159 0.572222222222]
[15259 0.577777777778]
[15424 0.583333333333]
[15458 0.588888888889]
[15640 0.594444444444]
[15715 0.6]
[15857 0.605555555556]
[15910 0.611111111111]
[15962 0.616666666667]
[16130 0.622222222222]
[16183 0.627777777778]
[16380 0.633333333333]
[16527 0.638888888889]
[16803 0.644444444444]
[16854 0.65]
[17160 0.655555555556]
[17197 0.661111111111]
[17278 0.666666666667]
[17369 0.672222222222]
[17433 0.677777777778]
[17484 0.683333333333]
[17608 0.688888888889]
[17855 0.694444444444]
[17996 0.7]
[18064 0.705555555556]
[18092 0.711111111111]
[18161 0.716666666667]
[18447 0.722222222222]
[18663 0.727777777778]
[18705 0.733333333333]
[18833 0.738888888889]
[18908 0.744444444444]
[19306 0.75]
[19329 0.755555555556]
[19477 0.761111111111]
[19511 0.766666666667]
[19773 0.772222222222]
[19788 0.777777777778]
[19960 0.783333333333]
[19998 0.788888888889]
[20192 0.794444444444]
[20479 0.8]
[20660 0.805555555556]
[20947 0.811111111111]
[20987 0.816666666667]
[21014 0.822222222222]
[21240 0.827777777778]
[21646 0.838888888889]
[21733 0.844444444444]
[21902 0.85]
[21939 0.855555555556]
[22085 0.861111111111]
[22096 0.866666666667]
[22500 0.872222222222]
[22616 0.877777777778]
[23038 0.883333333333]
[23138 0.888888888889]
[23177 0.894444444444]
[23629 0.905555555556]
[23657 0.911111111111]
[23777 0.916666666667]
[23817 0.922222222222]
[24011 0.927777777778]
[24110 0.933333333333]
[24514 0.938888888889]
[24578 0.944444444444]
[24614 0.95]
[24630 0.955555555556]
[24704 0.961111111111]
[24741 0.966666666667]
[25050 0.972222222222]
[25263 0.977777777778]
[25462 0.983333333333]
[25523 0.988888888889]
[25626 0.994444444444]
[25929 1.0]
[26232 1.00555555556]
[26402 1.01111111111]
[26620 1.01666666667]
[26659 1.02222222222]
[26682 1.02777777778]
[26827 1.03333333333]
[27039 1.03888888889]
[27286 1.04444444444]
[27345 1.05]
[27384 1.05555555556]
[27744 1.06111111111]
[28165 1.06666666667]
[28491 1.07222222222]
[28508 1.07777777778]
[28822 1.08333333333]
[28930 1.08888888889]
[29057 1.09444444444]
[29144 1.1]
[29300 1.10555555556]
[29517 1.11111111111]
[29712 1.11666666667]
[29945 1.12222222222]
[30347 1.12777777778]
[30416 1.13333333333]
[30468 1.13888888889]
[30861 1.14444444444]
[30899 1.15]
[31042 1.15555555556]
[31081 1.16111111111]
[31139 1.16666666667]
[31348 1.17222222222]
[31951 1.17777777778]
[31985 1.18333333333]
[32014 1.18888888889]
[32050 1.19444444444]
[32295 1.2]
[32592 1.20555555556]
[32797 1.21111111111]
[32917 1.21666666667]
[33095 1.22777777778]
[33314 1.23333333333]
[33354 1.24444444444]
[33621 1.25]
[33748 1.25555555556]
[33767 1.26111111111]
[33915 1.26666666667]
[33985 1.27222222222]
[34040 1.27777777778]
[34079 1.28333333333]
[34776 1.28888888889]
[34932 1.29444444444]
[35138 1.3]
[35308 1.30555555556]
[35321 1.31111111111]
[35513 1.31666666667]
[35938 1.32222222222]
[36033 1.32777777778]
[36202 1.33333333333]
[36336 1.33888888889]
[36412 1.35]
[36613 1.36111111111]
[36716 1.36666666667]
[36730 1.37222222222]
[36834 1.37777777778]
[36856 1.38333333333]
[37027 1.38888888889]
[37233 1.39444444444]
[37546 1.4]
[37566 1.40555555556]
[37661 1.41111111111]
[37867 1.41666666667]
[37968 1.42222222222]
[38156 1.42777777778]
[38367 1.43333333333]
[38471 1.43888888889]
[38809 1.44444444444]
[38834 1.45]
[39069 1.45555555556]
[39371 1.46111111111]
[39466 1.46666666667]
[39624 1.47222222222]
[39745 1.47777777778]
[40155 1.48333333333]
[40469 1.48888888889]
[40514 1.49444444444]
[40557 1.5]
[40902 1.50555555556]
[40948 1.51111111111]
[41048 1.51666666667]
[41275 1.52222222222]
[41476 1.52777777778]
[41595 1.53333333333]
[41611 1.53888888889]
[41672 1.54444444444]
[41844 1.55]
[41869 1.55555555556]
[41920 1.56111111111]
[42083 1.56666666667]
[42263 1.57222222222]
[42418 1.57777777778]
[42724 1.58333333333]
[42856 1.58888888889]
[42879 1.59444444444]
[42968 1.6]
[43068 1.60555555556]
[43290 1.61111111111]
[43317 1.61666666667]
[43530 1.62222222222]
[43633 1.62777777778]
[43824 1.63333333333]
[43870 1.63888888889]
[43982 1.64444444444]
[44066 1.65]
[44244 1.65555555556]
[44480 1.66666666667]
[44677 1.67222222222]
[44750 1.67777777778]
[45141 1.68333333333]
[45199 1.68888888889]
[45602 1.69444444444]
[45644 1.7]
[45971 1.70555555556]
[45985 1.71111111111]
[46009 1.71666666667]
[46204 1.71666666667]
[46261 1.72222222222]
[46732 1.72777777778]
[47042 1.73333333333]
[47151 1.73888888889]
[47171 1.74444444444]
[47194 1.75]
[47247 1.75]
[47296 1.75555555556]
[47351 1.76111111111]
[47379 1.76666666667]
[47442 1.76666666667]
[47796 1.77222222222]
[48217 1.78333333333]
[48343 1.78888888889]
[48729 1.79444444444]
[48743 1.8]
[48906 1.80555555556]
[48933 1.81111111111]
[49016 1.81111111111]
[49367 1.81666666667]
[49516 1.82222222222]
[49810 1.82222222222]
[49857 1.83333333333]
[49882 1.83888888889]
[50301 1.84444444444]
[50484 1.85]
[50623 1.85555555556]
[50872 1.86111111111]
[51022 1.86666666667]
[51038 1.87222222222]
[51065 1.87777777778]
[51156 1.87777777778]
[51321 1.87777777778]
[51439 1.88333333333]
[51752 1.88888888889]
[51841 1.89444444444]
[51918 1.9]
[52093 1.90555555556]
[52258 1.91111111111]
[52704 1.91666666667]
[52745 1.91666666667]
[53068 1.92222222222]
[53098 1.92222222222]
[53159 1.92222222222]
[53379 1.92777777778]
[53512 1.93333333333]
[53550 1.93333333333]
[54221 1.93333333333]
[54237 1.93333333333]
[54264 1.93888888889]
[54480 1.94444444444]
[54653 1.94444444444]
[54776 1.95]
[54977 1.95]
[55125 1.95]
[55240 1.95]
[55859 1.95555555556]
[55891 1.95555555556]
[55990 1.96111111111]
[56072 1.96111111111]
[56214 1.96111111111]
[56657 1.96111111111]
[56677 1.96111111111]
[56782 1.96111111111]
[56879 1.96666666667]
[57122 1.97222222222]
[57179 1.97777777778]
[57270 1.97777777778]
[57460 1.97777777778]
[57576 1.97777777778]
[57955 1.97777777778]
[58029 1.97777777778]
[58053 1.97777777778]
[58506 1.98333333333]
[58671 1.98888888889]
[58969 1.98888888889]
[59024 1.99444444444]
