occupancy = [[594 0.0]
[618 0.00714285714286]
[919 0.0107142857143]
[966 0.0142857142857]
[1116 0.0178571428571]
[1291 0.0214285714286]
[1468 0.025]
[1575 0.0285714285714]
[1753 0.0321428571429]
[1767 0.0357142857143]
[1832 0.0392857142857]
[2247 0.0428571428571]
[2419 0.0464285714286]
[2907 0.05]
[2930 0.0535714285714]
[3068 0.0571428571429]
[3618 0.0607142857143]
[3676 0.0642857142857]
[3929 0.0678571428571]
[4094 0.0714285714286]
[4509 0.0785714285714]
[4557 0.0821428571429]
[4587 0.0857142857143]
[4711 0.0892857142857]
[4867 0.0928571428571]
[5050 0.0964285714286]
[5062 0.1]
[5079 0.103571428571]
[5379 0.107142857143]
[5639 0.110714285714]
[5916 0.114285714286]
[6115 0.117857142857]
[6246 0.121428571429]
[6312 0.125]
[6932 0.128571428571]
[7218 0.132142857143]
[7391 0.135714285714]
[7404 0.139285714286]
[7585 0.142857142857]
[7774 0.146428571429]
[8222 0.15]
[8794 0.153571428571]
[8956 0.157142857143]
[9160 0.160714285714]
[9395 0.164285714286]
[9542 0.167857142857]
[9634 0.171428571429]
[9834 0.175]
[9868 0.178571428571]
[9970 0.182142857143]
[10015 0.185714285714]
[10138 0.192857142857]
[10438 0.196428571429]
[10657 0.2]
[11173 0.203571428571]
[11239 0.207142857143]
[11303 0.210714285714]
[11520 0.214285714286]
[12027 0.217857142857]
[12191 0.221428571429]
[12227 0.225]
[12531 0.232142857143]
[12542 0.239285714286]
[12769 0.242857142857]
[13076 0.246428571429]
[13191 0.253571428571]
[13387 0.257142857143]
[13486 0.260714285714]
[13517 0.264285714286]
[14002 0.267857142857]
[14382 0.271428571429]
[14428 0.275]
[14443 0.278571428571]
[14486 0.282142857143]
[14531 0.285714285714]
[14980 0.289285714286]
[15059 0.292857142857]
[15380 0.296428571429]
[15538 0.3]
[15944 0.303571428571]
[16017 0.307142857143]
[16200 0.310714285714]
[16537 0.314285714286]
[16618 0.317857142857]
[16692 0.321428571429]
[16761 0.325]
[17146 0.328571428571]
[17472 0.332142857143]
[17888 0.335714285714]
[18291 0.339285714286]
[18499 0.342857142857]
[18767 0.346428571429]
[18956 0.35]
[19381 0.353571428571]
[19517 0.357142857143]
[19590 0.360714285714]
[19600 0.364285714286]
[19661 0.367857142857]
[19682 0.371428571429]
[20215 0.375]
[20233 0.378571428571]
[20483 0.382142857143]
[20563 0.385714285714]
[20679 0.389285714286]
[20851 0.392857142857]
[21120 0.396428571429]
[21612 0.4]
[21874 0.403571428571]
[22152 0.407142857143]
[22181 0.410714285714]
[22226 0.414285714286]
[22383 0.417857142857]
[22403 0.421428571429]
[22429 0.425]
[22513 0.428571428571]
[22923 0.432142857143]
[23341 0.435714285714]
[23453 0.439285714286]
[23701 0.442857142857]
[23892 0.446428571429]
[23930 0.45]
[23942 0.453571428571]
[24190 0.457142857143]
[24283 0.460714285714]
[24662 0.464285714286]
[24829 0.467857142857]
[24887 0.471428571429]
[24933 0.475]
[25394 0.478571428571]
[26190 0.482142857143]
[26259 0.485714285714]
[26305 0.489285714286]
[26557 0.492857142857]
[26621 0.496428571429]
[26723 0.5]
[26758 0.503571428571]
[27503 0.507142857143]
[27735 0.510714285714]
[27865 0.514285714286]
[28057 0.517857142857]
[28148 0.521428571429]
[28268 0.525]
[28336 0.528571428571]
[28368 0.535714285714]
[28643 0.539285714286]
[28663 0.542857142857]
[28801 0.546428571429]
[28894 0.55]
[28959 0.553571428571]
[29006 0.557142857143]
[29123 0.560714285714]
[29162 0.564285714286]
[29339 0.567857142857]
[29647 0.575]
[30059 0.578571428571]
[30101 0.582142857143]
[30371 0.585714285714]
[30443 0.589285714286]
[30582 0.592857142857]
[30647 0.596428571429]
[30684 0.6]
[31013 0.603571428571]
[31156 0.607142857143]
[31287 0.610714285714]
[31385 0.614285714286]
[31438 0.617857142857]
[31854 0.621428571429]
[31909 0.625]
[32218 0.628571428571]
[32727 0.632142857143]
[32774 0.635714285714]
[33654 0.639285714286]
[33708 0.642857142857]
[33766 0.65]
[33821 0.653571428571]
[34146 0.657142857143]
[34336 0.660714285714]
[34369 0.664285714286]
[34645 0.667857142857]
[34689 0.671428571429]
[34772 0.675]
[34859 0.678571428571]
[35003 0.682142857143]
[35225 0.685714285714]
[35468 0.689285714286]
[35981 0.692857142857]
[36091 0.696428571429]
[36227 0.7]
[36278 0.703571428571]
[36459 0.707142857143]
[36761 0.710714285714]
[36835 0.717857142857]
[36905 0.721428571429]
[36966 0.725]
[37110 0.728571428571]
[37402 0.732142857143]
[37723 0.735714285714]
[37771 0.739285714286]
[37887 0.742857142857]
[37926 0.75]
[38113 0.753571428571]
[38188 0.757142857143]
[38279 0.760714285714]
[38492 0.764285714286]
[38737 0.767857142857]
[38899 0.771428571429]
[38915 0.775]
[38937 0.778571428571]
[39081 0.782142857143]
[39500 0.785714285714]
[39859 0.789285714286]
[40150 0.792857142857]
[40255 0.796428571429]
[40602 0.8]
[41510 0.803571428571]
[41795 0.807142857143]
[41928 0.810714285714]
[42064 0.814285714286]
[42131 0.817857142857]
[42194 0.821428571429]
[42245 0.825]
[42353 0.828571428571]
[42433 0.832142857143]
[42618 0.835714285714]
[42787 0.839285714286]
[43242 0.842857142857]
[43293 0.85]
[43622 0.853571428571]
[44036 0.860714285714]
[44253 0.864285714286]
[44411 0.867857142857]
[44476 0.871428571429]
[44635 0.875]
[44689 0.878571428571]
[44819 0.882142857143]
[44997 0.885714285714]
[45246 0.889285714286]
[45256 0.892857142857]
[45780 0.896428571429]
[46157 0.9]
[46350 0.903571428571]
[46407 0.907142857143]
[46980 0.910714285714]
[47249 0.914285714286]
[47279 0.917857142857]
[47575 0.921428571429]
[47648 0.928571428571]
[47667 0.932142857143]
[47737 0.935714285714]
[47943 0.939285714286]
[48016 0.942857142857]
[48051 0.946428571429]
[48156 0.95]
[48450 0.953571428571]
[49062 0.957142857143]
[49104 0.960714285714]
[49276 0.964285714286]
[49366 0.967857142857]
[49544 0.971428571429]
[49848 0.975]
[49896 0.978571428571]
[49927 0.982142857143]
[50092 0.985714285714]
[50132 0.989285714286]
[50321 0.996428571429]
[50487 1.0]
[50508 1.00357142857]
[50700 1.00714285714]
[50793 1.01071428571]
[51201 1.01428571429]
[51334 1.01785714286]
[51387 1.02142857143]
[51489 1.025]
[51860 1.02857142857]
[52291 1.03214285714]
[52682 1.03571428571]
[52769 1.03928571429]
[52798 1.04285714286]
[53079 1.04642857143]
[53613 1.05]
[53743 1.05357142857]
[53852 1.05714285714]
[53992 1.06071428571]
[54158 1.06428571429]
[54243 1.06785714286]
[54429 1.07142857143]
[54485 1.075]
[54517 1.07857142857]
[54896 1.08214285714]
[54964 1.08571428571]
[55558 1.08928571429]
[55688 1.09285714286]
[56172 1.09642857143]
[56254 1.1]
[56472 1.10357142857]
[56600 1.10714285714]
[56990 1.11071428571]
[57125 1.11428571429]
[57373 1.11785714286]
[57499 1.12142857143]
[57521 1.125]
[57561 1.12857142857]
[57579 1.13214285714]
[57761 1.13571428571]
[57983 1.13928571429]
[58089 1.14285714286]
[58343 1.14642857143]
[58466 1.15]
[59016 1.15357142857]
[59148 1.15714285714]
[59237 1.16071428571]
[59313 1.16428571429]
[59770 1.16785714286]
[59964 1.17142857143]
[60081 1.175]
[60150 1.17857142857]
[60395 1.18214285714]
[60555 1.18571428571]
[60612 1.19285714286]
[61130 1.19642857143]
[61447 1.2]
[61604 1.20357142857]
[61632 1.21071428571]
[61774 1.21428571429]
[61815 1.21785714286]
[62118 1.22142857143]
[62153 1.225]
[62235 1.22857142857]
[62853 1.23214285714]
[63112 1.23571428571]
[63178 1.23928571429]
[63466 1.24285714286]
[63568 1.24642857143]
[63633 1.25357142857]
[63784 1.25714285714]
[63831 1.26071428571]
[64109 1.26428571429]
[64456 1.26785714286]
[64558 1.27142857143]
[64588 1.275]
[65251 1.27857142857]
[65569 1.28214285714]
[65607 1.28571428571]
[65717 1.28928571429]
[65957 1.29285714286]
[66061 1.29642857143]
[66550 1.3]
[66736 1.30357142857]
[67111 1.30714285714]
[67157 1.31071428571]
[67185 1.31428571429]
[67413 1.31785714286]
[67482 1.32142857143]
[67527 1.325]
[67774 1.32857142857]
[67945 1.33214285714]
[67978 1.33571428571]
[68156 1.33928571429]
[68509 1.34285714286]
[68584 1.34642857143]
[68819 1.35]
[69091 1.35357142857]
[69178 1.35714285714]
[69369 1.36071428571]
[69461 1.36428571429]
[69510 1.36785714286]
[69947 1.375]
[70103 1.37857142857]
[70119 1.38214285714]
[70210 1.38571428571]
[70526 1.38928571429]
[70577 1.39285714286]
[70699 1.39642857143]
[70847 1.4]
[71554 1.40357142857]
